              precision    recall  f1-score   support

         PRT     0.9463    0.9395    0.9429      5853
        NOUN     0.9730    0.9803    0.9767     54822
        PRON     0.9907    0.9888    0.9898      9934
        VERB     0.9770    0.9794    0.9782     36744
        CONJ     0.9950    0.9965    0.9958      7529
           X     0.8581    0.4043    0.5496       329
         ADJ     0.9437    0.9307    0.9372     16772
         ADP     0.9780    0.9845    0.9812     28768
         DET     0.9946    0.9942    0.9944     27474
         NUM     0.9843    0.9674    0.9757      2911
           .     0.9998    1.0000    0.9999     29520
         ADV     0.9520    0.9365    0.9442     11271

    accuracy                         0.9780    231927
   macro avg     0.9660    0.9252    0.9388    231927
weighted avg     0.9779    0.9780    0.9778    231927
