              precision    recall  f1-score   support

         PRT     0.8976    0.9151    0.9063      5853
        NOUN     0.9631    0.9380    0.9504     54822
        PRON     0.9518    0.9839    0.9676      9934
        VERB     0.9733    0.9343    0.9534     36744
        CONJ     0.9934    0.9922    0.9928      7529
           X     0.6970    0.3495    0.4656       329
         ADJ     0.9186    0.8994    0.9089     16772
         ADP     0.9525    0.9630    0.9577     28768
         DET     0.9626    0.9862    0.9742     27474
         NUM     0.9752    0.9052    0.9389      2911
           .     0.9958    0.9981    0.9970     29520
         ADV     0.8829    0.8940    0.8884     11271

   micro avg     0.9591    0.9508    0.9549    231927
   macro avg     0.9303    0.8966    0.9084    231927
weighted avg     0.9590    0.9508    0.9547    231927
